10 5
7.688861936651057993e-01 4.866936426789988390e-01 9.281534963292914497e-01 9.234088629595870179e-01 9.170400754821783629e-01
5.269636366823426954e-01 2.131288650112039829e-02 1.321422601470776392e-01 2.689135147964486494e-01 9.461395545787066874e-01
9.879144424828517623e-01 9.359316587686727917e-01 6.173415696302307909e-01 6.463350612799411143e-01 7.303916626205567697e-01
9.387959531329717056e-01 9.829763894838976501e-01 5.718733720350740457e-01 1.479861488736570196e-01 6.436880572600703898e-01
1.102285727411715932e-01 2.393400037572497308e-01 2.401747287857626256e-01 2.593286960680044606e-01 4.497711197748470724e-01
5.348710551406931080e-01 8.699528552997656261e-01 6.604831405171677217e-01 1.239556671259296472e-01 7.561722741494467659e-01
9.278565476245836940e-01 2.553646743658622986e-01 4.427106012690836812e-01 6.604010918457409174e-01 3.598418569587565896e-01
5.485283553602215978e-01 3.439805517358066611e-01 1.553391932005931952e-01 1.314781129753120892e-01 9.363442414026956762e-02
1.997060092977642753e-01 3.172417460701379976e-01 8.617022334866409894e-01 2.777355277826673019e-01 1.085940967295172532e-01
6.375565404626762911e-01 9.172551624221704225e-01 3.506695612048350563e-01 2.479759340876800389e-01 1.397353005241938062e-01
